<?xml version="1.0"?>
<opencv_storage>
<hogsvm_64_16 type_id="opencv-object-detector-hog">
  <winSize>
    64 64</winSize>
  <blockSize>
    16 16</blockSize>
  <blockStride>
    8 8</blockStride>
  <cellSize>
    8 8</cellSize>
  <nbins>9</nbins>
  <derivAperture>1</derivAperture>
  <winSigma>4.</winSigma>
  <histogramNormType>0</histogramNormType>
  <L2HysThreshold>2.0000000000000001e-01</L2HysThreshold>
  <gammaCorrection>1</gammaCorrection>
  <nlevels>64</nlevels>
  <signedGradient>0</signedGradient>
  <SVMDetector>
    7.07766786e-02 2.21901331e-02 -1.23567935e-02 -7.74665363e-03
    2.63849702e-02 9.60208289e-03 -5.13064265e-02 1.47174885e-02
    7.84753710e-02 5.68614453e-02 4.04446237e-02 7.12093664e-03
    -4.78050346e-03 -3.53183933e-02 3.45321186e-02 -2.68817134e-02
    3.62470895e-02 8.52410719e-02 -3.85653935e-02 -3.00581977e-02
    -2.96071339e-02 2.38335710e-02 9.96223390e-02 4.79141474e-02
    -2.90272553e-02 -3.51163074e-02 -3.37078236e-02 -2.03876588e-02
    1.94357429e-02 2.60791127e-02 4.71198633e-02 6.32828921e-02
    2.67369542e-02 -1.54100088e-02 -6.46702771e-04 -3.25018093e-02
    -4.19184007e-02 3.32715400e-02 -1.22787664e-02 2.33143866e-02
    -3.29117626e-02 -8.41434347e-04 -4.70586196e-02 3.96255553e-02
    -2.93435040e-03 1.61011964e-02 4.48701084e-02 -2.52679680e-02
    -9.78803635e-03 -4.24275957e-02 3.00465990e-02 -3.58050652e-02
    2.84501705e-02 3.63864265e-02 -2.14681402e-02 2.24876739e-02
    -2.17166711e-02 3.67855057e-02 4.00045849e-02 2.89677400e-02
    -5.34161134e-03 1.98429618e-02 -3.58768143e-02 -6.13258360e-03
    1.67862307e-02 -4.75810282e-03 7.69896805e-02 3.51560228e-02
    6.08052611e-02 2.77374890e-02 2.08197478e-02 -3.12886909e-02
    1.05616814e-02 1.35956202e-02 -6.62581250e-02 -3.24929878e-02
    -7.51147568e-02 -1.37060769e-02 -3.75340208e-02 1.77501403e-02
    1.34585779e-02 2.60798074e-03 6.73051551e-02 -4.00894992e-02
    3.75763327e-02 -4.93599512e-02 -3.52395326e-02 -6.56472519e-02
    4.49438766e-02 2.07258351e-02 -1.72485050e-03 1.08827157e-02
    -2.10104696e-02 4.67385948e-02 2.44392846e-02 1.35374386e-02
    -1.67703088e-02 -1.03852972e-02 -3.24522965e-02 2.98702642e-02
    4.69735377e-02 -1.10338312e-02 6.95830807e-02 3.97926159e-02
    6.27418458e-02 -2.52574235e-02 1.70102455e-02 -2.01320276e-02
    1.36018405e-02 5.42287417e-02 -4.65558432e-02 4.95458627e-03
    -3.83906141e-02 -6.11615181e-02 -7.99451917e-02 2.34238654e-02
    -9.66178603e-04 -5.51858498e-03 4.20495495e-02 -3.94459106e-02
    -4.52693254e-02 -1.13583259e-01 -4.26515378e-02 -4.81109098e-02
    2.32601222e-02 -5.75462962e-03 1.39269838e-02 1.11412443e-02
    -2.48829108e-02 4.46667820e-02 7.81691596e-02 5.14982976e-02
    -4.75048609e-02 1.71727668e-02 -1.76497027e-02 1.48546686e-02
    3.04698739e-02 4.16415744e-03 4.16545309e-02 8.53985082e-03
    4.80804034e-02 1.43830795e-02 3.93060707e-02 -9.06139612e-03
    2.65691802e-02 5.43706007e-02 -8.42974614e-03 1.56357430e-03
    -9.84620228e-02 -1.46871610e-02 -1.88053008e-02 4.18878496e-02
    5.00602275e-02 8.01489037e-03 6.72561526e-02 -1.68096665e-02
    1.69598665e-02 -2.66531873e-02 -6.31653098e-03 -3.48908156e-02
    3.89615744e-02 4.93865795e-02 3.45672145e-02 3.89263779e-02
    -1.06937131e-02 3.31069604e-02 7.18999840e-03 2.70678122e-02
    2.51520239e-02 5.79046384e-02 1.96152404e-02 -1.07710669e-02
    2.60927137e-02 -3.33668175e-03 3.60469744e-02 -4.75758268e-03
    5.52250333e-02 1.17827514e-02 1.38548547e-02 -3.34598459e-02
    4.23897356e-02 9.28619131e-02 -3.74712003e-03 1.07238237e-02
    -2.00339016e-02 2.62698112e-03 -1.23788677e-02 8.69137496e-02
    4.92877215e-02 2.92685162e-02 5.43357767e-02 -4.68869396e-02
    -2.21688114e-02 -6.37855530e-02 -1.52980862e-02 -3.70422751e-02
    4.77541834e-02 2.35006046e-02 1.11798197e-02 4.96737659e-02
    -8.83739907e-04 2.18883399e-02 2.49778796e-02 4.48752902e-02
    3.34451981e-02 5.13123870e-02 -1.27014285e-02 -3.72691602e-02
    2.45192144e-02 2.10957676e-02 5.26936576e-02 4.58455943e-02
    3.00059635e-02 6.30057091e-03 1.41266678e-02 -3.59879732e-02
    1.40784770e-01 1.30076557e-01 1.22015215e-02 -4.06776704e-02
    -9.02598202e-02 -2.51383148e-02 -5.03127836e-02 3.93114835e-02
    8.98126736e-02 1.18108056e-01 7.38360509e-02 -3.16424519e-02
    5.71274292e-03 4.13258113e-02 -1.32588390e-02 -5.92606328e-02
    3.50904502e-02 7.49544129e-02 -7.96525332e-04 1.92262568e-02
    2.23576333e-02 2.40220912e-02 2.72696167e-02 -7.55373435e-03
    -9.59348679e-03 1.17236935e-03 -1.55017674e-02 -6.43824041e-02
    -1.95357054e-02 -2.92440075e-02 7.56763220e-02 1.04430437e-01
    1.78163480e-02 -4.26005870e-02 -3.74011286e-02 -8.17528740e-02
    -1.07332012e-02 -9.37573984e-03 -1.55988950e-02 4.49519977e-03
    2.52907574e-02 -8.32168851e-03 -3.45844775e-02 -1.42161467e-03
    -1.18127670e-02 1.58285890e-02 3.20989676e-02 2.68629584e-02
    -3.11665218e-02 1.36823971e-02 -7.31904386e-03 -1.28496764e-02
    1.84056591e-02 1.09087611e-02 -1.83911994e-02 -1.02118244e-02
    -1.08710285e-02 5.15472069e-02 6.13426380e-02 2.15075426e-02
    -3.25402915e-02 -1.23031139e-02 -1.57727078e-02 3.64254005e-02
    3.94834466e-02 2.64847837e-02 7.42248911e-03 4.09414209e-02
    1.40227219e-02 1.90699119e-02 -6.60105317e-04 3.55326347e-02
    -2.63907593e-02 7.53586087e-03 -2.70483680e-02 -3.20842154e-02
    -6.99128062e-02 1.27353903e-03 -6.10406138e-03 4.85261232e-02
    -1.38003742e-02 -8.05307087e-03 1.52555089e-02 -3.19702886e-02
    1.37954596e-02 -6.43913224e-02 4.07176651e-03 1.64351109e-02
    1.66761819e-02 -1.99900903e-02 -4.47251871e-02 -1.80290230e-02
    -1.70801654e-02 -1.12295039e-02 -3.24712433e-02 8.64143576e-03
    -7.04490207e-03 1.97903607e-02 -1.08548701e-02 -3.59554887e-02
    2.23347284e-02 2.27143113e-02 4.15168107e-02 2.42165290e-03
    4.65695485e-02 1.12478128e-02 1.17002903e-02 -3.85087281e-02
    -1.64704882e-02 -7.73662049e-03 -6.32494166e-02 -2.65809596e-02
    -6.86549321e-02 -5.93325980e-02 -5.80180772e-02 -1.98057592e-02
    -4.13719527e-02 1.84723511e-02 1.55581413e-02 -1.97197013e-02
    -1.06859906e-02 -5.56088723e-02 -2.64849197e-02 -3.85256447e-02
    -7.51013448e-03 3.86124849e-03 -2.04842072e-02 -2.44273189e-02
    -6.41064420e-02 -2.20379457e-02 1.67211099e-03 1.17603072e-03
    -1.69423670e-02 -1.63353551e-02 -3.50710452e-02 -8.66800640e-03
    5.27861305e-02 4.67893817e-02 7.28699714e-02 -3.17966416e-02
    6.42155483e-02 -9.28281923e-04 1.56529490e-02 9.23658628e-03
    6.16796454e-03 -7.16629205e-03 -2.62647104e-02 -5.96175008e-02
    -3.36203091e-02 -2.92875301e-02 -5.30374199e-02 -6.44220738e-04
    1.76839693e-03 8.15323554e-03 9.25478712e-03 -4.87959348e-02
    -8.62015560e-02 -6.23590797e-02 -6.48017451e-02 -5.79721257e-02
    -1.14802197e-02 -3.11397435e-03 1.79543514e-02 5.57588153e-02
    2.87670195e-02 -2.82986406e-02 -2.71497369e-02 3.96392448e-03
    -3.38445306e-02 -2.69607437e-04 3.94435301e-02 4.85121273e-02
    5.15321977e-02 5.13729360e-03 -1.44872367e-02 3.50240730e-02
    1.74003839e-02 -1.60231590e-02 2.90201657e-04 8.57779232e-04
    1.05161285e-02 5.38269915e-02 1.67162053e-03 -2.68852133e-02
    -6.63244426e-02 -5.06932735e-02 -4.18913253e-02 3.77607681e-02
    2.82675046e-02 -5.09059466e-02 -6.27250038e-03 -6.77802861e-02
    -2.97561921e-02 -9.56334248e-02 -7.98545778e-02 -6.00464530e-02
    -5.33783669e-03 -2.81134099e-02 -1.51047856e-02 4.58009355e-02
    2.77040880e-02 2.12695133e-02 -2.08291411e-03 4.51919660e-02
    1.24350935e-02 4.62327302e-02 1.04118604e-02 -5.14698774e-02
    -5.12279803e-03 -1.27093047e-02 1.53261051e-02 -2.97556538e-02
    -7.12325703e-03 -9.29424260e-03 3.99805494e-02 5.04630199e-03
    -1.56093566e-02 3.25249359e-02 -3.80407199e-02 4.82006781e-02
    -2.70276871e-02 1.51303057e-02 -1.96447764e-02 3.76178622e-02
    -1.64432246e-02 -5.21230772e-02 -1.52926368e-03 -2.37324778e-02
    -1.16555309e-02 -5.10010645e-02 4.85139620e-03 -2.09821593e-02
    9.67829768e-03 -2.56500877e-02 -1.46647999e-02 3.74243781e-02
